Brain_4_1	Promoter	2.71998,2.41295,2.84799,2.35892,2.84024,3.13454,3.49279,3.24392,3.53246,4.36698,4.94137,5.67998,7.37104,8.14274,9.00989,12.4902,21.4275,38.6864,56.2529,75.7148,74.1506,62.5309,37.3142,22.4278,15.8896,12.9998,11.1824,9.01362,7.9537,6.22518,5.77508,4.63544,4.1813,3.79963,3.42983,2.88819,2.93425,2.38872,2.57357,2.69874
Brain_4_6	Weak	0.112818333333,0.12835,0.0998088888889,0.10765,0.0855544444444,0.138494444444,0.0918561111111,0.130620555556,0.170262777778,0.157506666667,0.108787777778,0.123291666667,0.137710555556,0.119735555556,0.133112777778,0.150612222222,0.123324444444,0.177173333333,0.198378888889,0.170023888889,0.226714444444,0.175181666667,0.143477222222,0.137917777778,0.164517777778,0.135996111111,0.143827222222,0.12342,0.132013333333,0.101082777778,0.120385,0.118519444444,0.101322222222,0.0866022222222,0.0928577777778,0.0893522222222,0.124155,0.0961322222222,0.0999533333333,0.0948938888889
Brain_8_1	Promoter	1.34297142857,1.99235714286,1.72925714286,2.13730714286,2.24253571429,2.98797857143,2.79630714286,2.25477142857,2.92055,3.63606428571,3.67945714286,4.0251,3.92805,6.6287,8.02292857143,11.5911428571,19.8228571429,33.5917857143,46.1078571429,61.1788571429,65.1005,51.19,34.0679285714,19.1282857143,13.5218571429,10.3483571429,8.20707142857,8.01157142857,6.64861428571,5.51632857143,4.05757142857,4.11090714286,3.41627142857,2.68628571429,2.07247142857,2.26694285714,2.20492142857,2.80485,3.15557857143,3.52617142857
Brain_8_6	Unknown	2.92244285714,4.06363571429,4.77805714286,5.6295,7.33414285714,7.96321428571,8.55285714286,9.43978571429,9.71585714286,10.9157857143,11.043,10.4157142857,9.38307142857,8.54192857143,8.18585714286,7.96642857143,7.52328571429,7.51321428571,7.7285,8.35078571429,9.36585714286,6.94251428571,5.70782857143,3.61265,3.3244,2.9818,3.06082142857,1.90787142857,1.99207142857,2.79167857143,2.55929285714,2.30255714286,2.43962857143,2.12797857143,1.86677142857,2.07301428571,2.14479285714,1.86443571429,1.4136,1.58896428571
Brain_8_11	Weak	1.04655017857,1.17315535714,1.0226825,1.09684553571,0.761260535714,1.37054803571,1.28197375,1.09336357143,0.956367857143,1.16784107143,1.01115017857,0.716855892857,0.833736428571,0.888001071429,0.591801964286,0.569848928571,0.882551428571,0.810404642857,0.804419642857,0.791934285714,0.869821964286,0.881007142857,1.11137160714,0.894240535714,0.95827625,1.22263732143,0.879204285714,0.886013571429,0.97135875,0.911364285714,0.9389775,0.898475892857,0.853343392857,0.565420535714,0.908646071429,0.613655357143,0.964246607143,0.955432857143,0.776480357143,0.685386071429
Brain_8_17	Unknown	0.205364444444,0.140102777778,0.193653888889,0.201482222222,0.153565,0.258867222222,0.264573333333,0.258545555556,0.221085555556,0.197976666667,0.277663333333,0.275481111111,0.248452777778,0.292428888889,0.441557777778,0.509095,0.659972222222,1.05496666667,2.37586111111,3.83241111111,3.74179444444,1.97886666667,0.992227777778,0.611433333333,0.658488888889,0.471985,0.32813,0.316338888889,0.288733333333,0.253832222222,0.217972777778,0.262022222222,0.209170555556,0.181953888889,0.225875555556,0.191247777778,0.21487,0.225816111111,0.231116666667,0.227677222222
Brain_8_20	Weak	0.0714285714286,0.0714285714286,0.0714285714286,0.0714285714286,0.0714285714286,0.0714285714286,0.0714285714286,0.0714285714286,0.0714285714286,0.0714285714286,0.0714285714286,0.0714285714286,0.0714285714286,0.0714285714286,0.0714285714286,0.0714285714286,0.0714285714286,0.0714285714286,0.0714285714286,0.0714285714286,0.0714285714286,0.0714285714286,0.0714285714286,0.0714285714286,0.0714285714286,0.0714285714286,0.0714285714286,0.0714285714286,0.0714285714286,0.0714285714286,0.0714285714286,0.0714285714286,0.0714285714286,0.0714285714286,0.0714285714286,0.0714285714286,0.0714285714286,0.0714285714286,0.0714285714286,0.0714285714286
Brain_9_0	Unknown	2.76949285714,2.83046428571,3.0462,4.10943571429,4.9716,5.41271428571,4.78990714286,4.40011428571,3.56337857143,3.6269,4.64495,5.90607857143,6.81853571429,5.2671,4.06054285714,3.24865,2.88989285714,3.01782142857,2.7493,3.20361428571,2.86051428571,3.21810714286,3.27120714286,4.24379285714,5.35634285714,7.05592857143,7.97878571429,7.15385714286,6.19582142857,4.88308571429,3.43017857143,2.90618571429,2.34835714286,1.93807857143,1.68077857143,1.59015,1.27845,1.38038571429,1.34742142857,1.74405714286
Brain_9_8	Promoter	0.87485,0.875671428571,1.06847142857,1.11540714286,1.17405,1.62019285714,1.32888571429,1.72023571429,1.70257857143,1.94017142857,2.33843571429,2.41212857143,2.46778571429,3.07384285714,4.46027857143,5.13143571429,6.36428571429,11.4731428571,22.0551428571,35.9048571429,36.4448571429,26.6917857143,12.8628571429,6.28635714286,4.38695,4.18082142857,3.44719285714,2.6982,2.41505714286,1.99445,2.10372142857,2.06329285714,2.00703571429,2.20679285714,1.85412857143,1.95815714286,1.70037142857,1.54868571429,0.990221428571,1.40912142857
Brain_9_16	Weak	0.0714285714286,0.0714285714286,0.0714285714286,0.0714285714286,0.0714285714286,0.0714285714286,0.0714285714286,0.0714285714286,0.0714285714286,0.0714285714286,0.0714285714286,0.0714285714286,0.0714285714286,0.0714285714286,0.0714285714286,0.0714285714286,0.0714285714286,0.0714285714286,0.0714285714286,0.0714285714286,0.0714285714286,0.0714285714286,0.0714285714286,0.0714285714286,0.0714285714286,0.0714285714286,0.0714285714286,0.0714285714286,0.0714285714286,0.0714285714286,0.0714285714286,0.0714285714286,0.0714285714286,0.0714285714286,0.0714285714286,0.0714285714286,0.0714285714286,0.0714285714286,0.0714285714286,0.0714285714286
Brain_13_4	Unknown	4.5551,2.75952,4.43254,6.08266,8.1516,9.77002,11.1057,10.6992,7.87145,7.25316,6.38539,4.05499,5.01459,3.83568,3.43228,4.46697,7.11647,8.84787,10.9128,11.5133,11.5394,8.39949,8.15563,6.06404,4.35915,3.14481,4.06974,4.03479,3.89538,3.98894,1.94289,2.38205,2.04635,1.61101,2.39401,1.75036,2.45715,1.30919,2.45306,2.29682
Brain_13_5	Unknown	1.96910833333,2.004625,2.16655,3.04705,2.917,3.59160833333,3.806875,5.02115,6.03884166667,6.66908333333,5.64231666667,8.09399166667,9.24516666667,11.6165,10.11,7.530575,6.97415,6.28200833333,6.64734166667,6.13569166667,5.46971666667,5.32908333333,5.24565833333,4.13905,4.95435,3.78805,3.91536666667,3.89230833333,5.32848333333,7.51863333333,7.23325833333,7.75435,8.79633333333,10.0525,8.4105,7.99248333333,7.94265833333,7.39199166667,6.80593333333,5.29826666667
Brain_13_10	Unknown	1.91735,2.09984,2.42161,2.43052,2.56848,2.77267,2.70067,2.37471,3.1579,3.48243,3.36877,4.25839,4.77479,5.8467,6.3759,6.57991,8.43385,10.8559,13.8372,15.6591,14.3138,12.4274,9.48859,8.10205,6.57991,6.04286,5.31542,5.46031,5.7112,5.95493,6.36932,7.2271,9.6895,11.872,12.9911,10.1157,8.0731,5.81606,5.01954,5.18079
Brain_13_11	Unknown	2.62519,3.14189,3.21572,3.46548,3.87605,4.68119,7.2504,7.82302,8.50795,6.59254,5.27735,4.72764,3.74463,3.45008,3.26794,3.53612,4.04658,3.60245,3.96798,5.03233,5.8556,6.17412,6.48657,6.1804,5.98305,6.70418,7.80839,7.34565,7.64167,6.97893,6.40184,6.08634,5.72056,5.2192,4.99273,3.99959,3.09721,2.58079,2.76848,2.5123
Brain_13_17	Weak	0.189699,0.233772,0.400275,0.276672,0.252528,0.513801,0.453251,0.393519,0.458307,0.341712,0.2291,0.478425,0.489495,0.329506,0.25763,0.641113,0.523888,0.462855,0.541998,0.797358,0.819073,0.662437,0.327501,0.497059,0.630643,0.309608,0.301896,0.274807,0.328381,0.309073,0.309254,0.301649,0.397622,0.36657,0.334723,0.422541,0.264941,0.248373,0.30459,0.1569
Brain_13_18	Weak	0.372736071429,0.430712857143,0.432845,0.53299,0.505675357143,0.404228571429,0.511460178571,0.590748571429,0.57531875,0.549572142857,0.576257678571,0.666869464286,0.597166607143,0.693011964286,0.839219642857,0.982741964286,1.08490553571,1.09221267857,1.39022732143,1.65060285714,1.45850964286,1.22557678571,1.0321775,0.980428035714,0.720141607143,0.817804107143,0.634626964286,0.672997321429,0.680916607143,0.75773,0.8270925,0.686516428571,0.705544107143,0.734233214286,0.598922678571,0.75079875,0.645001071429,0.664150178571,0.550267142857,0.66905375
Brain_14_1	Weak	0.706485714286,0.773641428571,0.753505357143,0.980921428571,0.960739285714,0.831016785714,0.851136785714,1.32200678571,1.21066428571,1.39471071429,1.50566785714,1.33733571429,1.55839285714,1.55087857143,1.63958214286,1.34708571429,0.986485714286,1.18152142857,1.29636071429,1.40615357143,1.43195714286,1.31744285714,1.21170714286,1.28729285714,1.72485357143,2.02538928571,1.78792857143,1.70662142857,1.74760714286,1.46128214286,1.45527142857,1.20305714286,1.48310714286,1.58184285714,1.47471785714,1.00433107143,1.00486464286,1.11601607143,0.951581071429,0.840089285714
Brain_14_15	Enhancer	1.02595,1.12827142857,1.39462142857,1.26807142857,1.05625,1.19227857143,1.23297857143,1.5114,1.63265,1.52306428571,1.82814285714,2.26452142857,2.52480714286,2.92486428571,4.29004285714,4.42393571429,5.47267142857,7.85407142857,17.3905714286,30.0607142857,33.4462857143,21.7936428571,10.7765714286,5.77789285714,4.24740714286,3.72765,2.59197142857,2.38746428571,2.28291428571,1.96918571429,1.47017857143,1.5323,1.03734285714,1.33248571429,0.870142857143,0.900435714286,0.891321428571,1.11170714286,1.10926428571,1.02055
Brain_15_7	Enhancer	0.471994285714,0.538798571429,0.653557142857,0.802542857143,1.08276428571,1.24513571429,1.28764285714,1.19826428571,0.965957142857,0.754978571429,0.641427142857,0.542296428571,0.587806428571,0.54509,0.582883571429,0.571338571429,0.674585714286,0.787828571429,0.768642857143,0.867785714286,0.903735714286,1.03317857143,1.28886428571,1.58822142857,1.87545714286,1.98983571429,1.90772142857,2.09605,2.50038571429,3.89546428571,6.89102142857,11.2150714286,17.9607142857,19.5175,18.4607142857,15.5781428571,11.4450714286,6.62799285714,4.1242,3.84912857143
Brain_16_1	Enhancer	1.54985555556,1.76504444444,1.94712777778,2.665,3.31738888889,3.35340555556,3.02691111111,2.61697222222,2.43682222222,2.99492222222,3.26750555556,3.89018888889,4.70676666667,5.80683333333,6.95583333333,8.05161111111,5.80094444444,4.48079444444,4.50833333333,5.88183333333,7.2815,5.51921111111,3.39117777778,2.15507222222,1.63074444444,1.34544444444,1.02396666667,0.802255555556,0.707483333333,0.862511111111,1.01386111111,0.775183333333,0.672988888889,0.49775,0.508016111111,0.546551666667,0.581722222222,0.650388888889,0.650494444444,0.651172222222
Brain_16_2	Unknown	6.82144166667,10.7704166667,14.2320833333,17.24025,22.8780833333,24.6345,28.4924166667,29.68175,32.14025,26.4263333333,21.99575,14.6086666667,9.902,9.11616666667,9.39208333333,9.31025,8.33116666667,9.18591666667,9.79141666667,10.57575,10.4945833333,8.50625,6.246075,4.26978333333,3.475825,3.46255,2.876025,2.83716666667,2.48805833333,3.08305833333,3.14255833333,2.23526666667,2.66509166667,1.84450833333,1.563175,2.65345,2.64648333333,1.13789166667,0.765393333333,1.40863333333
Brain_16_3	Promoter	0.19281,0.229689444444,0.238698888889,0.213572777778,0.323467222222,0.399811666667,0.438381111111,0.429220555556,0.477197777778,0.572183333333,0.650977777778,0.675583333333,0.903188888889,1.98037222222,2.27814444444,2.73162777778,2.40514444444,1.99791111111,1.77282777778,1.64216666667,2.19173888889,2.66607222222,2.96030555556,3.30480555556,3.01765,3.27683333333,3.75188888889,5.1936,7.05833333333,8.59161111111,13.5085,21.0938333333,31.8952777778,36.0796111111,38.4266111111,29.2750555556,18.4868333333,10.2068888889,7.29038888889,6.14683333333
Brain_16_8	Enhancer	0.643427777778,0.476062777778,0.643761111111,0.721038888889,0.79375,0.813933333333,0.9163,0.898333333333,0.977677777778,1.25401666667,1.41360555556,1.77735555556,1.73494444444,2.13798333333,2.14958333333,2.59866666667,2.79503888889,3.2823,3.67052777778,5.50205555556,8.03844444444,10.0958888889,11.8493888889,11.1236666667,9.08094444444,6.786,6.32872222222,6.20055555556,6.52805555556,7.39916666667,8.92105555556,8.45527777778,7.59355555556,6.11011111111,5.7785,3.98137222222,2.90198888889,1.78776666667,1.38163888889,1.42406111111
Brain_16_17	Enhancer	0.482793888889,0.455715,0.512816111111,0.580566666667,0.628483333333,0.670877777778,0.758316666667,0.743661111111,0.840716666667,0.886927777778,1.03704444444,1.12385555556,1.31165,1.82933333333,2.18652777778,2.88948333333,3.69376111111,4.71492777778,5.32320555556,5.17437222222,4.09384444444,3.33776111111,3.04158888889,2.72151666667,2.47389444444,2.10362222222,2.09900555556,1.79787222222,1.80876666667,1.95434444444,2.12162222222,2.15461666667,2.17746111111,2.29754444444,2.33222222222,2.04947222222,2.01775555556,1.58026666667,1.55188333333,1.31857222222
Brain_16_19	Unknown	1.61702777778,1.77185555556,2.70192222222,3.87739444444,5.02378333333,4.3795,3.52304444444,2.70178888889,2.15092222222,1.67330555556,1.28922222222,1.375,1.26745,1.28498333333,1.32928333333,1.62088888889,1.66261111111,1.69785,3.14750555556,5.15976666667,4.81702222222,3.43741111111,2.09226111111,1.49982777778,0.9226,0.7451,0.622827777778,0.518082777778,0.574344444444,0.420871111111,0.516,0.431948333333,0.464065,0.361554444444,0.414525,0.361861111111,0.400145555556,0.338117222222,0.350341666667,0.334813888889
Brain_16_23	Unknown	0.24161,0.268903333333,0.326964444444,0.290021111111,0.345083888889,0.241547222222,0.323444444444,0.380501111111,0.467537777778,0.496226666667,0.53048,0.560411111111,0.603111111111,0.735488888889,0.774494444444,0.953994444444,1.1023,1.46422222222,1.92650555556,2.43238888889,2.46654444444,1.88277777778,1.30615,1.01496111111,1.00578888889,1.20207222222,1.47445555556,1.71923888889,1.93210555556,1.99532777778,1.69469444444,1.33940555556,0.937572222222,0.722816666667,0.55399,0.528383888889,0.4621,0.425023333333,0.369643333333,0.376601111111
Brain_17_6	Promoter	0.787821428571,1.20254285714,1.72563214286,2.41359285714,2.58005357143,3.82807142857,3.45952142857,3.50505357143,3.19824285714,4.54467857143,5.16714285714,7.08592857143,14.4196428571,18.1127857143,19.5410357143,14.3156428571,11.1846428571,10.8861071429,15.3078571429,23.5093571429,29.7205714286,28.2645357143,23.7220357143,17.0898214286,11.1116428571,8.90971428571,8.93960714286,6.10985714286,4.523,3.53886785714,4.65746428571,3.15534285714,1.98694285714,1.61535,1.41524285714,1.23374642857,1.0165,1.33226428571,1.93136071429,1.99721785714
Brain_17_8	Unknown	2.42985357143,3.21896785714,5.25239285714,9.58628571429,12.3816071429,10.2334285714,6.60892857143,3.52283928571,2.32121428571,2.44401071429,1.9193,1.77024285714,2.93578928571,3.95717857143,4.24432142857,2.97638928571,2.12272857143,2.96931428571,3.78696428571,5.74767857143,3.72871428571,4.22410714286,4.161,4.12853571429,4.27153571429,7.18075,7.36989285714,7.99560714286,5.37760714286,3.80889285714,3.10488214286,1.70246785714,1.159725,0.818896428571,0.629946428571,0.661014285714,0.605482142857,0.57715,0.846428571429,0.676589285714
Brain_17_16	Enhancer	0.757335714286,1.40674285714,1.45868571429,1.67016428571,1.11453928571,1.37548214286,2.39000357143,3.23524285714,3.86675,3.31933214286,2.92480714286,2.24742857143,2.27790714286,3.01749642857,3.60903571429,3.07297142857,2.08756071429,2.17745714286,1.63738928571,2.00462142857,2.25639642857,2.00134285714,2.34991071429,2.03123214286,2.66856428571,2.9778,2.77748928571,2.10440357143,1.90937142857,1.2948,1.67683214286,1.44446428571,1.00453928571,0.716903571429,0.693135714286,0.806617857143,0.7449,0.698717857143,0.603164285714,0.500846428571
Brain_17_18	Enhancer	0.279524444444,0.30073,0.301126111111,0.298757777778,0.326072777778,0.344662222222,0.356931111111,0.341598888889,0.417815,0.481605555556,0.479218333333,0.514766666667,0.634627777778,0.67085,0.811477777778,0.963772222222,1.46747222222,2.69732777778,4.77387777778,5.69922222222,5.06162222222,3.26998888889,1.75553888889,1.54337777778,1.45396111111,1.29338888889,1.10985555556,1.31399444444,1.61031666667,1.81776111111,2.30274444444,3.21762777778,4.14567222222,4.29296111111,4.10937777778,3.22963888889,2.53206111111,2.32550555556,1.95812777778,1.33368888889
Brain_17_20	Enhancer	0.141906428571,0.150436428571,0.141036785714,0.176319285714,0.186514642857,0.165198214286,0.259479285714,0.380767857143,0.499003571429,0.487135714286,0.349164285714,0.248028214286,0.186292142857,0.187170357143,0.204728214286,0.188607142857,0.179084285714,0.227527142857,0.222374642857,0.2355075,0.293617142857,0.305358928571,0.345047857143,0.378385714286,0.485517857143,0.6374,0.738064285714,0.672225,0.769603571429,0.8437,0.890510714286,0.911785714286,1.04684285714,1.04587857143,1.15618928571,1.65179285714,2.20698571429,2.87471785714,2.66162857143,2.03598571429
Brain_17_21	Enhancer	0.458914285714,0.707110714286,0.856025,0.535075,0.509928571429,0.597078571429,0.604839285714,0.700367857143,0.661996428571,0.756614285714,0.932071428571,0.965925,1.03962142857,1.52423928571,2.43091071429,2.74335,1.98614642857,3.08603928571,8.19260714286,17.10125,21.63225,14.2385,6.16778571429,2.40222857143,1.7944,1.36587857143,0.851242857143,0.704910714286,0.728317857143,0.591853571429,0.494314285714,0.3076425,0.293126428571,0.290128928571,0.373682142857,0.337434642857,0.343407857143,0.341251428571,0.297052142857,0.261132857143
Brain_17_26	Enhancer	0.274302857143,0.265775714286,0.25502,0.332121785714,0.47895,0.684703571429,0.822735714286,0.856314285714,1.62966071429,3.35991785714,3.65471428571,2.357825,0.745775,0.608446428571,0.70395,0.627492857143,0.787142857143,1.37665,2.4661,3.00425714286,2.18641785714,1.19428214286,0.739782142857,0.600314285714,0.628771428571,0.535464285714,0.478053571429,0.37705,0.2880825,0.266633571429,0.247973214286,0.212347142857,0.201873571429,0.173591428571,0.200307142857,0.172961071429,0.165237857143,0.159792142857,0.134175357143,0.130668214286
Brain_17_28	Enhancer	0.286527857143,0.281820357143,0.248785714286,0.279144285714,0.282803214286,0.265717142857,0.3839,0.368321428571,0.497796428571,0.509242857143,0.701971428571,0.763796428571,0.916632142857,1.29422857143,1.993375,3.10608571429,3.477625,3.25055357143,3.10336071429,3.03156071429,3.12521785714,3.39240714286,3.37855,3.20378214286,2.56406785714,1.36159285714,0.916839285714,0.67345,0.514017857143,0.460021428571,0.394867857143,0.380171428571,0.328802142857,0.34159,0.286810357143,0.205218928571,0.185433571429,0.177643571429,0.132973214286,0.147841428571
Brain_17_29	Enhancer	1.051175,0.773503571429,0.756514285714,0.920903571429,1.01131071429,0.908264285714,1.07768928571,2.38418928571,4.10725,5.35671428571,3.61367857143,2.00317857143,1.16943928571,0.839489285714,0.597196428571,0.448221428571,0.424575,0.376985714286,0.359475,0.303137142857,0.280607857143,0.260378214286,0.188867857143,0.247326071429,0.249242142857,0.284491785714,0.270364285714,0.253886785714,0.2027925,0.174062142857,0.136044642857,0.119923214286,0.103625357143,0.114727142857,0.115236428571,0.100276071429,0.121467857143,0.1333175,0.131380714286,0.101166785714
Brain_17_30	Enhancer	0.0853492857143,0.0907435714286,0.133817142857,0.0946789285714,0.130942857143,0.134007142857,0.215948928571,0.264406428571,0.326118928571,0.478546428571,1.57035714286,2.32625357143,1.74621428571,1.17994642857,0.601503571429,0.442157142857,0.490617857143,0.374903571429,0.338385357143,0.304329285714,0.273847142857,0.400378571429,0.51805,0.673807142857,0.781496428571,1.04940714286,1.49393571429,1.88057857143,1.52874642857,1.26517142857,0.898628571429,0.804775,0.678978571429,0.756385714286,0.782664285714,0.714978571429,0.517842857143,0.352408928571,0.567582142857,0.544453571429
Brain_17_31	Enhancer	0.927411111111,1.17075,1.23786666667,1.39321666667,1.7653,2.30475555556,2.58737777778,2.764,2.73458888889,2.28366111111,1.81533888889,1.38597777778,1.3094,1.17607777778,1.07949444444,1.24488333333,2.07993333333,2.41778888889,3.09404444444,3.68050555556,3.66675,2.80777222222,2.22103888889,1.80261111111,1.78023888889,1.16104444444,0.877161111111,0.672183333333,0.610988888889,0.61235,0.587788888889,0.894777777778,0.477211111111,0.392646111111,0.391827777778,0.371742222222,0.324804444444,0.293990555556,0.213388333333,0.238942777778
Brain_17_32	Enhancer	0.0562613995536,0.0699305580357,0.0931039955357,0.08601546875,0.0987410267857,0.0919950669643,0.0863842857143,0.107330602679,0.101071941964,0.125063325893,0.171206450893,0.184256696429,0.192901875,0.23795484375,0.31106734375,0.365005267857,0.462519308036,0.669774241071,1.29916785714,2.0277875,2.28980446429,0.926884821429,0.608272790179,0.5169696875,0.43953,0.301072477679,0.175076183036,0.137971473214,0.138669241071,0.105868008929,0.1072915625,0.0891239508929,0.103571392857,0.0956158638393,0.0979145424107,0.077767796875,0.0612467232143,0.0557925089286,0.0568965848214,0.0494257308036
Brain_19_0	Enhancer	0.141490714286,0.116830357143,0.139410535714,0.12074875,0.142486428571,0.183678571429,0.272283928571,0.397748214286,0.263167857143,0.335033928571,1.1939625,3.19516071429,4.111125,3.10555357143,2.00310714286,1.29255,0.908964285714,0.821496428571,0.756010714286,0.676116071429,0.577944642857,0.3999375,0.531753571429,1.736625,3.92707142857,3.89058928571,2.69646428571,0.646460714286,0.581082142857,0.524135714286,0.464648214286,0.3334125,0.272769642857,0.280796428571,0.157164642857,0.107596785714,0.0762807142857,0.0452273214286,0.0702871428571,0.0520196428571
Brain_19_7	Unknown	0.0536330357143,0.0616430357143,0.0744104464286,0.109570178571,0.103634196429,0.121551517857,0.192252321429,0.29660625,0.278105357143,0.208792857143,0.292999107143,0.388292857143,0.763207142857,1.70373482143,4.22390178571,4.57974107143,7.79299107143,5.06752678571,2.56282142857,3.64866964286,1.49134196429,2.91097321429,2.20403571429,4.19275892857,7.24525892857,6.09330357143,4.00202678571,1.08378482143,0.35535,0.253936607143,0.196466428571,0.138625892857,0.0831525,0.109477232143,0.0625710714286,0.0685264285714,0.0553390178571,0.0311532142857,0.0257442857143,0.047838125
Brain_19_12	Enhancer	0.037085625,0.0318041964286,0.0281045267857,0.0383549107143,0.132033839286,0.202210535714,0.214710535714,0.089823125,0.107576696429,0.113716785714,0.140675535714,0.07509375,0.0839502678571,0.0647684821429,0.280915,0.268967857143,0.376974821429,0.233492321429,0.111204017857,0.113985178571,0.140192678571,0.150582946429,0.145984910714,0.218652232143,0.226016071429,0.254229464286,0.336897321429,0.322182142857,0.494938392857,1.28238303571,2.97941071429,4.08391964286,3.45509821429,1.98585178571,0.892550892857,0.446208928571,0.296083928571,0.294711696429,0.242120892857,0.281439107143
Brain_19_14	Unknown	0.0565010714286,0.0583603571429,0.0723507142857,0.0721532142857,0.0624278571429,0.0610308928571,0.0627698214286,0.0747391071429,0.0705198214286,0.210853571429,0.481573214286,1.02762857143,1.22061607143,1.01669285714,0.683433928571,0.520178571429,0.9746125,2.066375,4.54646428571,4.74675,1.03653035714,0.563569642857,1.31526428571,3.73594642857,3.91758928571,2.38866071429,0.736858928571,0.2388,0.310319642857,0.307260714286,0.7732875,0.766457142857,0.826010714286,0.570676785714,0.0940917857143,0.0994483928571,0.0648760714286,0.0377044642857,0.0608896428571,0.0807067857143
Brain_19_16	Enhancer	0.0786460714286,0.0585730357143,0.116970535714,0.184373214286,0.344655357143,0.563458928571,2.51073214286,3.58369642857,3.3035,1.40449642857,0.316396428571,0.2415625,0.231396428571,0.365548214286,0.289776785714,0.255739285714,0.347182142857,0.318719642857,0.577985714286,1.37809642857,1.78327321429,2.22014285714,1.93180357143,2.97271428571,2.52048214286,1.72789642857,0.636644642857,0.148406785714,0.0903353571429,0.0279125,0.0305132142857,0.0343839285714,0.0401507142857,0.0350053571429,0.00748266071429,0.0290239285714,0.0312805357143,0.0143067321429,0.0485033928571,0.023205
Brain_20_4	Enhancer	0.326173333333,0.341331111111,0.280571666667,0.363881666667,0.355345555556,0.359325,0.300998333333,0.325518333333,0.337772222222,0.362925555556,0.504373888889,0.622266666667,0.658766666667,0.578488888889,0.839577777778,1.12301111111,1.32112777778,2.14776666667,5.79744444444,14.7430555556,15.6921111111,8.37777777778,2.83821666667,1.38832777778,1.33242777778,1.04575555556,0.690844444444,0.59285,0.551092222222,0.469245,0.351402777778,0.373594444444,0.39825,0.344835,0.319848888889,0.292387777778,0.264465555556,0.312538333333,0.268169444444,0.300346666667
Brain_20_6	Enhancer	5.11476111111,4.53495,4.36295555556,6.83483333333,13.1553888889,15.506,14.3872222222,11.4755555556,6.24494444444,4.95828888889,4.53120555556,5.31206111111,6.22872222222,8.40422222222,11.1116111111,16.3241666667,16.5457222222,11.8627777778,7.96838888889,5.07760555556,4.80693333333,4.23151111111,3.57525,3.45727777778,2.76222777778,2.19884444444,1.60662777778,1.26127777778,1.09343333333,1.01141666667,1.34273333333,1.88093888889,1.98930555556,1.14945555556,0.732744444444,0.625622222222,0.514283333333,0.448049444444,0.392151666667,0.539841111111
Brain_20_25	Unknown	1.72313333333,1.94805,2.39316666667,2.59696666667,2.60723888889,2.10546111111,1.78815555556,1.43988333333,1.22367222222,1.12871111111,1.12922777778,1.07621666667,0.86495,0.751416666667,0.754977777778,0.71415,0.633366666667,0.613483333333,0.630627777778,0.550645555556,0.58985,0.544323333333,0.49301,0.474572222222,0.480922222222,0.36504,0.383311111111,0.273023333333,0.250422777778,0.2295,0.25731,0.247388333333,0.277383888889,0.273291111111,0.255770555556,0.196395555556,0.174107777778,0.225070555556,0.257471666667,0.23136
Brain_21_0	Weak	1.38817707692,1.69754707692,1.69502123077,1.32571523077,1.49600992308,1.35503192308,1.90865115385,1.69458676923,1.81207715385,1.96762892308,1.76496061538,1.69507946154,1.93359484615,1.53461538462,1.66417930769,1.770635,1.92003184615,1.95519715385,1.79066669231,2.41338076923,1.83870407692,2.04180223077,1.77934246154,1.32933523077,1.47373515385,1.80528230769,1.70111630769,1.77559361538,2.02453807692,1.69536223077,2.00314292308,2.00238230769,1.53924792308,1.59066030769,1.85405161538,1.64918307692,1.68282384615,1.29265638462,1.20176184615,1.48968253846
Brain_21_4	Unknown	8.50762,5.96339,7.64861,10.6769,15.1538,20.3013,23.9256,28.6927,25.9908,23.1281,16.804,12.1054,6.08755,6.60432,6.26027,9.06001,9.83313,11.3379,12.4228,14.3104,16.8857,16.1346,14.1825,12.9947,12.7222,15.1831,16.8859,19.7988,23.6812,20.2224,8.21276,7.00992,4.30422,2.9018,4.06836,4.76741,4.64821,3.71917,2.67018,4.10264
Brain_21_9	Enhancer	5.35588,4.79112,3.892,5.00251,3.51075,3.59792,5.69809,5.49159,5.81566,7.11327,7.00101,7.52461,12.3144,17.6696,20.5979,21.1593,16.052,10.4938,11.7568,18.7321,21.5281,17.4757,9.77243,7.41575,5.92286,4.30025,3.64951,3.05058,4.48013,3.7215,3.27097,2.30436,3.79809,3.49741,2.11614,2.63823,2.69734,2.25202,1.04591,0.99772
Brain_21_12	Unknown	3.97249,1.91119,3.70788,3.80494,3.80741,2.38038,3.14923,2.41722,2.67687,4.38978,3.09043,3.79492,5.41677,6.05609,7.21676,9.10704,9.07732,8.21368,5.28243,6.40103,7.37631,5.48521,4.6657,3.60847,2.94272,3.27992,4.90067,3.76857,4.06833,2.98467,4.03889,3.90605,6.45982,8.29748,12.2001,9.64852,6.75856,5.06313,3.32806,3.22542
Brain_21_16	Unknown	1.875193,1.564218,1.44278333333,1.18103566667,1.18270166667,1.29505566667,1.92198333333,1.616893,2.63274,2.09756666667,2.11825333333,1.94822,2.58476666667,2.02661,2.01135333333,2.72219666667,3.4566,2.97639,3.35029333333,3.55912666667,3.74354,4.95567333333,5.29991333333,5.23616,5.67610333333,4.73100666667,3.67954,2.32301,2.07671,2.29612666667,1.30305833333,2.27703,1.31837666667,1.29514,2.01319333333,1.73395,2.05314333333,0.733241666667,1.431444,1.35382233333
